NC_033360.1@COX1	Ecya_3xwoNNN	98.24	1534	27	0	1	1534	107	1640	0.0	 2684
NC_033360.1@COX2	Ecya_3xwoNNN	97.21	682	19	0	1	682	1702	2383	0.0	 1155
NC_033360.1@ATP8	Ecya_3xwoNNN	99.36	156	1	0	1	156	2505	2660	8e-80	  283
NC_033360.1@ATP6	Ecya_3xwoNNN	98.80	669	8	0	1	669	2654	3322	0.0	 1192
NC_033360.1@COX3	Ecya_3xwoNNN	98.47	786	12	0	1	786	3322	4107	0.0	 1386
NC_033360.1@ND3	Ecya_3xwoNNN	98.87	354	4	0	1	354	4110	4463	0.0	  632
NC_033360.1@ND5	Ecya_3xwoNNN	98.13	1713	32	0	1	1713	6519	4807	0.0	 2987
NC_033360.1@ND4	Ecya_3xwoNNN	97.86	1307	28	0	1	1307	7888	6582	0.0	 2259
NC_033360.1@ND4L	Ecya_3xwoNNN	98.64	294	4	0	1	294	8175	7882	3e-151	  521
NC_033360.1@ND6	Ecya_3xwoNNN	98.19	498	9	0	1	498	8305	8802	0.0	  870
NC_033360.1@CYTB	Ecya_3xwoNNN	97.63	1137	27	0	1	1137	8802	9938	0.0	 1951
NC_033360.1@ND1	Ecya_3xwoNNN	98.29	933	16	0	1	933	11103	10171	0.0	 1635
NC_033360.1@rrnL	Ecya_3xwoNNN	98.98	980	9	1	1	979	12143	11164	0.0	 1753
NC_033360.1@rrnS	Ecya_3xwoNNN	99.04	628	6	0	1	628	12823	12196	0.0	 1127
NC_033360.1@ND2	Ecya_3xwoNNN	97.25	982	27	0	1	982	13379	14360	0.0	 1664
