NC_033360.1@COX1	Mitogenome_E_cyaneus	98.24	1534	27	0	1	1534	108	1641	0.0	 2684
NC_033360.1@COX2	Mitogenome_E_cyaneus	97.21	682	19	0	1	682	1703	2384	0.0	 1155
NC_033360.1@ATP8	Mitogenome_E_cyaneus	99.36	156	1	0	1	156	2506	2661	8e-80	  283
NC_033360.1@ATP6	Mitogenome_E_cyaneus	98.51	669	10	0	1	669	2655	3323	0.0	 1181
NC_033360.1@COX3	Mitogenome_E_cyaneus	98.47	786	12	0	1	786	3323	4108	0.0	 1386
NC_033360.1@ND3	Mitogenome_E_cyaneus	98.87	354	4	0	1	354	4111	4464	0.0	  632
NC_033360.1@ND5	Mitogenome_E_cyaneus	98.13	1713	32	0	1	1713	6520	4808	0.0	 2987
NC_033360.1@ND4	Mitogenome_E_cyaneus	97.86	1307	28	0	1	1307	7889	6583	0.0	 2259
NC_033360.1@ND4L	Mitogenome_E_cyaneus	98.64	294	4	0	1	294	8176	7883	3e-151	  521
NC_033360.1@ND6	Mitogenome_E_cyaneus	98.19	498	9	0	1	498	8306	8803	0.0	  870
NC_033360.1@CYTB	Mitogenome_E_cyaneus	97.63	1137	27	0	1	1137	8803	9939	0.0	 1951
NC_033360.1@ND1	Mitogenome_E_cyaneus	98.18	933	17	0	1	933	11104	10172	0.0	 1629
NC_033360.1@rrnL	Mitogenome_E_cyaneus	98.85	782	8	1	199	979	11946	11165	0.0	 1393
NC_033360.1@rrnL	Mitogenome_E_cyaneus	99.23	130	1	0	1	130	12144	12015	2e-64	  235
NC_033360.1@rrnS	Mitogenome_E_cyaneus	99.04	628	6	0	1	628	12824	12197	0.0	 1127
NC_033360.1@ND2	Mitogenome_E_cyaneus	97.25	982	27	0	1	982	13377	14358	0.0	 1664
