BK059231.1@rrnS	Mitogenome_B_pullus	98.76	643	8	0	1	643	2548	1906	0.0	 1144
BK059231.1@ND2	Mitogenome_B_pullus	98.58	985	14	0	1	985	3216	4200	0.0	 1742
BK059231.1@COX1	Mitogenome_B_pullus	98.57	1534	22	0	1	1534	4325	5858	0.0	 2712
BK059231.1@COX2	Mitogenome_B_pullus	98.82	679	8	0	1	679	5919	6597	0.0	 1210
BK059231.1@ATP8	Mitogenome_B_pullus	98.11	159	3	0	1	159	6717	6875	4e-78	  278
BK059231.1@ATP6	Mitogenome_B_pullus	97.57	658	16	0	1	658	6881	7538	0.0	 1127
BK059231.1@COX3	Mitogenome_B_pullus	97.46	786	20	0	1	786	7540	8325	0.0	 1341
BK059231.1@ND3	Mitogenome_B_pullus	98.58	352	5	0	1	352	8328	8679	0.0	  623
BK059231.1@ND5	Mitogenome_B_pullus	97.83	1707	37	0	1	1707	10726	9020	0.0	 2948
BK059231.1@ND4	Mitogenome_B_pullus	96.96	1315	40	0	1	1315	12106	10792	0.0	 2207
BK059231.1@ND4L	Mitogenome_B_pullus	96.56	291	10	0	1	291	12390	12100	2e-139	  483
BK059231.1@hypotheticalprotein	Mitogenome_B_pullus	91.20	375	33	0	2	376	12766	12392	1e-147	  510
BK059231.1@ND6	Mitogenome_B_pullus	96.65	508	17	0	1	508	12973	13480	0.0	  845
BK059231.1@CYTB	Mitogenome_B_pullus	98.41	1131	18	0	1	1131	13482	14612	0.0	 1989
BK059231.1@ND1	Mitogenome_B_pullus	98.50	933	14	0	1	933	15639	14707	0.0	 1646
BK059231.1@ND1	Mitogenome_B_pullus	100.00	34	0	0	192	225	15415	15448	9e-13	63.9
BK059231.1@rrnL	Mitogenome_B_pullus	81.18	542	90	11	494	1028	16238	15702	1e-121	  425
